ERROR:root:2021-07-20 17:47:08.141998,63e8e8dc01010101,Invalid, Rate
ERROR:root:2021-07-20 17:47:08.235697,1eb0ead23e670101,Invalid, Rate
ERROR:root:2021-07-20 17:47:08.313877,2e9340c8e3033258,Invalid, Rate
ERROR:root:2021-07-20 17:47:08.376315,bde78ab8284b0101,Invalid, Rate
ERROR:root:2021-07-20 17:47:08.438921,5dd7874373952475,Invalid, Rate
ERROR:root:2021-07-20 17:47:08.501398,0101010101010101,Invalid, Rate
INFO:root:2021-07-20 17:47:08.610620,91a882df4e010101,Valid
INFO:root:2021-07-20 17:47:08.719997,af0807130e010101,Valid
ERROR:root:2021-07-20 17:47:08.813745,f801010101010101,Invalid, Rate
ERROR:root:2021-07-20 17:47:08.876213,6afc010101010101,Invalid, Rate
ERROR:root:2021-07-20 17:47:08.938685,7a18992201010101,Invalid, Rate
ERROR:root:2021-07-20 17:47:09.016845,ce197b0101010101,Invalid, Rate
ERROR:root:2021-07-20 17:47:09.079320,0dcc030b4c010101,Invalid, Rate
ERROR:root:2021-07-20 17:47:09.141733,d497010101010101,Invalid, Rate
ERROR:root:2021-07-20 17:47:09.235505,e621504501010101,Invalid, Rate
INFO:root:2021-07-20 17:47:09.344851,9789bfbf01010101,Valid
ERROR:root:2021-07-20 17:47:09.407331,0101010101010101,Invalid, Rate
ERROR:root:2021-07-20 17:47:09.485409,00437e6b01010101,Invalid, Rate and Length
ERROR:root:2021-07-20 17:47:09.547961,c2536d6a01010101,Invalid, Rate and Length
ERROR:root:2021-07-20 17:47:09.610485,0101010101010101,Invalid, Rate
ERROR:root:2021-07-20 17:47:09.688488,0101010101010101,Invalid, Rate and Length
ERROR:root:2021-07-20 17:47:09.750974,9341b336c3010101,Invalid, Rate
ERROR:root:2021-07-20 17:47:09.844785,6679065574e77a01,Invalid, Rate
ERROR:root:2021-07-20 17:47:09.922950,0d11010101010101,Invalid, Rate
ERROR:root:2021-07-20 17:47:10.000904,1801010101010101,Invalid, Rate
ERROR:root:2021-07-20 17:47:10.094668,5665060711ee16ef,Invalid, Rate
INFO:root:2021-07-20 17:47:10.204121,fa4a77be01010101,Valid
INFO:root:2021-07-20 17:47:10.313470,7bc29fc201010101,Valid
ERROR:root:2021-07-20 17:47:10.391589,c2d8bc6a3b010101,Invalid, Rate
ERROR:root:2021-07-20 17:47:10.485169,994a51f1c9c90101,Invalid, Rate
ERROR:root:2021-07-20 17:47:10.563282,cb507f89bc270101,Invalid, Rate
ERROR:root:2021-07-20 17:47:10.625790,52f69b1a01010101,Invalid, Rate and Length
ERROR:root:2021-07-20 17:48:12.676467,717cf6bcc47e0101,Invalid, Rate
ERROR:root:2021-07-20 17:48:12.770181,e40aac1bb85bd745,Invalid, Rate
ERROR:root:2021-07-20 17:48:12.848408,f8a280cdd963c201,Invalid, Rate
ERROR:root:2021-07-20 17:48:12.910765,9d5b15df0e700101,Invalid, Rate
ERROR:root:2021-07-20 17:48:12.973238,0101010101010101,Invalid, Rate
ERROR:root:2021-07-20 17:48:13.051343,1af8f1f001010101,Invalid, Rate
ERROR:root:2021-07-20 17:48:13.145219,3513fe0101010101,Invalid, Rate
ERROR:root:2021-07-20 17:48:13.223217,4c7525cfe17a4701,Invalid, Rate
ERROR:root:2021-07-20 17:48:13.285814,13c3c0ff04cb3601,Invalid, Rate
ERROR:root:2021-07-20 17:48:13.348286,d9d2d1391460ba01,Invalid, Rate and Length
ERROR:root:2021-07-20 17:48:13.442011,016c010101010101,Invalid, Rate
ERROR:root:2021-07-20 17:48:13.504501,55b8deda01010101,Invalid, Rate
ERROR:root:2021-07-20 17:48:13.582502,4d01010101010101,Invalid, Rate
INFO:root:2021-07-20 17:48:13.691849,0101010101010101,Valid
ERROR:root:2021-07-20 17:48:13.785685,eac8be8001010101,Invalid, Rate
ERROR:root:2021-07-20 17:48:13.848173,50e1010101010101,Invalid, Rate
ERROR:root:2021-07-20 17:48:13.910668,cc17733e77010101,Invalid, Rate
ERROR:root:2021-07-20 17:48:13.973133,767c010101010101,Invalid, Rate
ERROR:root:2021-07-20 17:48:14.066879,59afdf0101010101,Invalid, Rate
INFO:root:2021-07-20 17:48:14.176217,8ca364bf0ad47c01,Valid
ERROR:root:2021-07-20 17:48:14.269959,58cd120101010101,Invalid, Rate
ERROR:root:2021-07-20 17:48:14.332430,8bf30da209ed2201,Invalid, Rate
ERROR:root:2021-07-20 17:48:14.394912,208d7748377b5e01,Invalid, Rate
ERROR:root:2021-07-20 17:48:14.488638,5401010101010101,Invalid, Rate
INFO:root:2021-07-20 17:48:14.598005,0dee245a87010101,Valid
INFO:root:2021-07-20 17:48:14.707323,310bafcaf8690101,Valid
ERROR:root:2021-07-20 17:48:14.769823,1bbc058e56c40101,Invalid, Rate
ERROR:root:2021-07-20 17:48:14.847939,8630581a01010101,Invalid, Rate
ERROR:root:2021-07-20 17:48:14.910423,0101010101010101,Invalid, Rate
ERROR:root:2021-07-20 17:48:14.972813,b18231f801010101,Invalid, Rate
ERROR:root:2021-07-20 17:48:15.035402,0101010101010101,Invalid, Rate
ERROR:root:2021-07-20 17:48:15.097769,8102ea0586516601,Invalid, Rate
ERROR:root:2021-07-20 17:48:15.160256,0eec8e5edc010101,Invalid, Rate
INFO:root:2021-07-20 17:48:15.269723,3a99a1e3a0130101,Valid
ERROR:root:2021-07-20 17:48:15.332196,278c480101010101,Invalid, Rate
ERROR:root:2021-07-20 17:48:15.410303,e367230586010101,Invalid, Rate
ERROR:root:2021-07-20 17:48:15.472696,c4c579bf01010101,Invalid, Rate
ERROR:root:2021-07-20 17:48:15.550767,0101010101010101,Invalid, Rate
INFO:root:2021-07-20 17:48:15.660245,8e77632d01010101,Valid
ERROR:root:2021-07-20 17:48:15.722636,ebdcc54501010101,Invalid, Rate and Length
ERROR:root:2021-07-20 17:48:15.816454,fb67010101010101,Invalid, Rate
ERROR:root:2021-07-20 17:48:15.878843,503f010101010101,Invalid, Rate
ERROR:root:2021-07-20 17:48:15.972615,e34ae0f5628c3194,Invalid, Rate
ERROR:root:2021-07-20 17:48:16.035151,0101010101010101,Invalid, Rate
ERROR:root:2021-07-20 17:48:16.128881,b399eb40f29868ff,Invalid, Rate
ERROR:root:2021-07-20 17:48:16.222482,7951378d974e9c02,Invalid, Rate and Length
INFO:root:2021-07-20 17:48:16.331955,9a2b56f48fbe5501,Valid
ERROR:root:2021-07-20 17:48:16.394442,e31a668a6e010101,Invalid, Rate
ERROR:root:2021-07-20 17:48:16.456893,784ba59aa0010101,Invalid, Rate
ERROR:root:2021-07-20 17:48:16.550649,be30c560ebbd0101,Invalid, Rate
ERROR:root:2021-07-20 17:48:16.613140,7d85010101010101,Invalid, Rate
ERROR:root:2021-07-20 17:48:16.691246,82cf060101010101,Invalid, Rate
ERROR:root:2021-07-20 17:48:16.784981,3a6d81ad7e044101,Invalid, Rate
ERROR:root:2021-07-20 17:48:16.847464,b701010101010101,Invalid, Rate
ERROR:root:2021-07-20 17:48:16.941188,0101010101010101,Invalid, Rate
ERROR:root:2021-07-20 17:48:17.034917,7551010101010101,Invalid, Rate
ERROR:root:2021-07-20 17:48:17.113024,78df461a01010101,Invalid, Rate
ERROR:root:2021-07-20 17:48:17.191129,cabdf9f2aae07f80,Invalid, Rate
ERROR:root:2021-07-20 17:48:17.284772,f13940a0639c6d1c,Invalid, Rate
ERROR:root:2021-07-20 17:48:17.362922,5701010101010101,Invalid, Rate
ERROR:root:2021-07-20 17:48:17.441077,99fc28aef6fd0069,Invalid, Rate and Length
ERROR:root:2021-07-20 17:48:17.503556,7fa3768f01010101,Invalid, Rate
ERROR:root:2021-07-20 17:48:17.597284,d901010101010101,Invalid, Rate
ERROR:root:2021-07-20 17:48:17.691015,df721e0101010101,Invalid, Rate and Length
ERROR:root:2021-07-20 17:48:17.753497,0101010101010101,Invalid, Rate
INFO:root:2021-07-20 17:48:17.862847,71845b2e536bc501,Valid
ERROR:root:2021-07-20 17:48:17.956563,c3a72be144010101,Invalid, Rate
ERROR:root:2021-07-20 17:48:18.050303,de7a020101010101,Invalid, Rate
ERROR:root:2021-07-20 17:48:18.112788,1701010101010101,Invalid, Rate
ERROR:root:2021-07-20 17:48:18.190809,bf091bc6d0e30101,Invalid, Rate
ERROR:root:2021-07-20 17:48:18.268953,b5252d9101010101,Invalid, Rate
ERROR:root:2021-07-20 17:48:18.362730,0101010101010101,Invalid, Rate
ERROR:root:2021-07-20 17:48:18.456365,d1cd598535010101,Invalid, Rate
ERROR:root:2021-07-20 17:48:18.550157,5a11640101010101,Invalid, Rate
ERROR:root:2021-07-20 17:48:18.643914,f2f7380101010101,Invalid, Rate and Length
ERROR:root:2021-07-20 17:48:18.737659,8c01010101010101,Invalid, Rate
ERROR:root:2021-07-20 17:48:18.815767,2478113290050101,Invalid, Rate
ERROR:root:2021-07-20 17:48:18.893875,9d0a010101010101,Invalid, Rate
ERROR:root:2021-07-20 17:48:18.956229,0101010101010101,Invalid, Rate and Length
ERROR:root:2021-07-20 17:48:19.049935,d601010101010101,Invalid, Rate
ERROR:root:2021-07-20 17:48:19.143815,d6804c0101010101,Invalid, Rate
ERROR:root:2021-07-20 17:48:19.237425,f6ed34af01010101,Invalid, Rate
ERROR:root:2021-07-20 17:48:19.315650,32890de2a1e8dc11,Invalid, Rate
ERROR:root:2021-07-20 17:48:19.409229,40a5007475010101,Invalid, Rate
ERROR:root:2021-07-20 17:48:19.487481,aa48e97601010101,Invalid, Rate
ERROR:root:2021-07-20 17:48:19.549968,0c1b55d001010101,Invalid, Rate and Length
ERROR:root:2021-07-20 17:48:19.659321,f99d7c6d08010101,Invalid, Length
ERROR:root:2021-07-20 17:48:19.721807,320dcb46519cf801,Invalid, Rate
ERROR:root:2021-07-20 17:48:19.799769,0eed5f0101010101,Invalid, Rate
ERROR:root:2021-07-20 17:48:19.893532,135cf72a01010101,Invalid, Rate and Length
ERROR:root:2021-07-20 17:48:19.971759,9555d85901010101,Invalid, Rate
ERROR:root:2021-07-20 17:48:20.049840,a750ffa67d010101,Invalid, Rate
ERROR:root:2021-07-20 17:48:20.143568,ad206cdd2c998b24,Invalid, Rate and Length
ERROR:root:2021-07-20 17:48:20.237188,0301010101010101,Invalid, Rate
ERROR:root:2021-07-20 17:48:20.315396,948d9c6f59f74078,Invalid, Rate
INFO:root:2021-07-20 17:48:20.424646,2ce11f5414090101,Valid
ERROR:root:2021-07-20 17:48:20.518342,1ed7110101010101,Invalid, Rate
ERROR:root:2021-07-20 17:48:20.580983,cc38e9e80d6f0101,Invalid, Rate and Length
ERROR:root:2021-07-20 17:48:20.643450,d1d445f501010101,Invalid, Rate
ERROR:root:2021-07-20 17:48:20.705829,1e51139ab3850101,Invalid, Rate and Data
ERROR:root:2021-07-20 17:48:20.768435,d101010101010101,Invalid, Rate and Data
INFO:root:2021-07-20 17:48:20.877630,a350010101010101,Valid
INFO:root:2021-07-20 17:48:20.987057,ff92010101010101,Valid
ERROR:root:2021-07-20 17:48:21.080871,0101010101010101,Invalid, Rate
INFO:root:2021-07-20 17:48:21.190065,5c1f447b825c3e01,Valid
ERROR:root:2021-07-20 17:48:21.252693,a590164501010101,Invalid, Rate
ERROR:root:2021-07-20 17:48:21.315180,0101010101010101,Invalid, Rate
ERROR:root:2021-07-20 17:48:21.408888,becf17abba9ddd01,Invalid, Rate
ERROR:root:2021-07-20 17:48:21.502617,5f96ab1b29fd0101,Invalid, Rate
ERROR:root:2021-07-20 17:48:21.580740,0101010101010101,Invalid, Rate
ERROR:root:2021-07-20 17:48:21.674454,8d60b16525630101,Invalid, Rate
ERROR:root:2021-07-20 17:48:21.752559,fbcd6cc2581a8602,Invalid, Rate
ERROR:root:2021-07-20 17:48:21.815047,875db724dd620101,Invalid, Rate
ERROR:root:2021-07-20 17:48:21.924300,33b887297fe60101,Invalid, Length
ERROR:root:2021-07-20 17:48:21.986880,ff188a414edd0101,Invalid, Rate and Length
ERROR:root:2021-07-20 17:48:22.080607,16ee31a08853047a,Invalid, Rate and Length
ERROR:root:2021-07-20 17:48:22.158702,a08f010101010101,Invalid, Rate
ERROR:root:2021-07-20 17:48:22.221208,59541129718f9bbf,Invalid, Rate
INFO:root:2021-07-20 17:48:22.330554,5297f92bf63b3e01,Valid
ERROR:root:2021-07-20 17:48:22.424148,70ad38481f610101,Invalid, Rate
ERROR:root:2021-07-20 17:48:22.486761,2301010101010101,Invalid, Rate
ERROR:root:2021-07-20 17:48:22.549121,3601010101010101,Invalid, Rate and Length
ERROR:root:2021-07-20 17:48:22.611679,5d7fa24ba7b9f9ad,Invalid, Rate
ERROR:root:2021-07-20 17:48:22.689825,45dc647c54010101,Invalid, Rate
